Informacion general
    Direccion: 43.130.64.95
    Hostname: []
    Dominio: []
    Pais: United States
    Ciudad: Ashburn
    Organizacion: Asia Pacific Network Information Center, Pty. Ltd.
    ISP: Zenlayer Inc
    ASN: AS21859
    Puertos abiertos: [49152, 3072, 2050, 10243, 2052, 49153, 8200, 11, 13, 2062, 15, 17, 19, 21, 22, 23, 25, 26, 2081, 2082, 2083, 37, 2086, 2087, 43, 8239, 49, 53, 20547, 70, 2121, 79, 80, 81, 82, 83, 84, 87, 88, 92, 4190, 8291, 104, 2154, 110, 111, 113, 2067, 119, 123, 2181, 135, 8333, 8334, 143, 4242, 55443, 2201, 154, 61613, 2222, 175, 61616, 179, 35000, 4282, 8383, 195, 2250, 10443, 51235, 8411, 221, 4321, 9595, 5500, 6379, 8443, 8447, 55553, 55554, 264, 4369, 2323, 2332, 33060, 2345, 6443, 2351, 8500, 311, 10554, 6464, 2375, 2376, 2379, 4433, 4443, 4444, 37215, 8545, 2404, 8554, 6510, 8575, 389, 27015, 27017, 6543, 4500, 2455, 4506, 25001, 4523, 2480, 443, 444, 445, 8649, 465, 4567, 1925, 6633, 23023, 8688, 2548, 502, 503, 2556, 6653, 515, 6664, 6666, 6667, 6668, 25105, 8728, 21025, 548, 4646, 6697, 554, 4664, 8767, 2626, 587, 593, 6748, 8800, 16993, 8807, 17000, 31337, 8812, 8814, 8820, 631, 636, 62078, 8831, 8834, 8838, 666, 8862, 8871, 8872, 4782, 8879, 8880, 4786, 8888, 8889, 2761, 2762, 60129, 4840, 4848, 11000, 771, 789, 4899, 805, 9000, 9001, 9002, 9003, 9005, 4911, 9009, 41800, 9037, 50000, 9042, 9043, 4949, 7001, 9051, 7004, 3558, 11112, 873, 55442, 9070, 9080, 54138, 23424, 9090, 9091, 9092, 9094, 5000, 5001, 9099, 9100, 5005, 5006, 5007, 5009, 9106, 9107, 50070, 7071, 5025, 50100, 3000, 3001, 5050, 9151, 9160, 11210, 11211, 25565, 992, 993, 5090, 995, 9189, 999, 3050, 9200, 21379, 3071, 1024, 1025, 7171, 55000, 3086, 3102, 3104, 9251, 11300, 7218, 5172, 3128, 1099, 9295, 9306, 5222, 11371, 44158, 3200, 1153, 5269, 5280, 1200, 3260, 3268, 3269, 9418, 1234, 9443, 3306, 5357, 3310, 7415, 7433, 13579, 50050, 7443, 1311, 902, 7474, 5432, 9530, 3388, 3389, 5443, 3407, 19000, 3299, 9103, 37777, 5010, 28015, 28017, 1400, 7547, 7548, 9600, 1433, 5542, 5555, 5560, 1471, 8779, 51106, 7634, 3541, 3542, 5596, 3551, 5601, 5606, 5607, 7657, 1521, 9743, 20000, 9761, 5672, 1599, 16992, 1604, 60001, 9800, 7777, 7779, 3689, 52869, 16010, 9869, 32400, 18081, 3749, 5800, 5801, 1723, 3780, 1741, 3790, 9943, 9944, 12000, 5858, 19071, 9981, 5900, 5901, 9998, 9999, 10000, 10001, 44818, 20256, 5938, 7989, 7998, 8000, 8001, 14147, 18245, 8008, 8009, 8010, 1883, 5984, 5985, 5986, 8036, 9191, 6000, 6001, 6002, 8052, 1911, 6008, 8060, 1919, 8069, 1926, 1935, 8080, 8081, 8083, 8086, 8087, 8088, 8089, 8090, 1950, 4000, 8098, 8099, 1962, 8112, 4022, 14265, 8123, 8126, 6080, 4040, 8139, 8140, 2000, 2002, 6102, 2008, 4063, 4064, 8181, 1023, 32764]
    